function H = BealeHessian(x)
H = zeros(2,2);
n = 3;
y = [1.5, 2.25, 2.625];
% for k=1:1:3
%     H(1,1) = H(1,1) + (x(2)^k - 1)^2;
%     H(1,2) = H(1,2) + k*x(2)^(k-1)*(2*x(1)*(x(2)^k -1) + y(k));
%     H(2,2) = H(2,2) + (k*x(1)*x(2)^(k-1))^2 + (y(k) - x(1)*(1-x(2)^k)*(k*x(1)*(k-1)*x(2)^(k-2)));
% end
% H(1,1) = 2*H(1,1);
% H(1,2) = 2*H(1,2);
% H(2,1) = H(1,2);
% H(2,2) = 2*H(2,2);
x1 = x(1);
x2 = x(2);
%H(1,1) = 2 * (-1 + x2)^2 + 2 * (-1 + x2^2)^2 + 2 * (-1 + x2^3)^2;
%H(1,2) = 2 * (-1 + x2) * x1 + 4 * (-1 + x2^2) * x1 * x2 + 6 * (-1 + x2^3) * x1 * x2^2;
%H(2,1) = H(1,2);
%H(2,2) = 2 * x1^2 + 8 * x1^2 * x2 + 18 * x1^2 * x2^2;
% From Symbolic matlab
H(1,1) = 2.0*(x2 - 1.0)^2 + 2.0*(x2^2 - 1.0)^2 + 2.0*(x2^3 - 1.0)^2;
H(1,2) = 6.0*x2^2*(x1*(x2^3 - 1.0) + 2.625) + 4.0*x2*(x1*(x2^2 - 1.0) + 2.25) + 4.0*x1*(x2 - 1.0) + 6.0*x1*x2^2*(x2^3 - 1.0) + 4.0*x1*x2*(x2^2 - 1.0) + 3.0;
H(2,1) = 6.0*x2^2*(x1*(x2^3 - 1.0) + 2.625) + 4.0*x2*(x1*(x2^2 - 1.0) + 2.25) + 4.0*x1*(x2 - 1.0) + 6.0*x1*x2^2*(x2^3 - 1.0) + 4.0*x1*x2*(x2^2 - 1.0) + 3.0;
H(2,2) = 8.0*x1^2*x2^2 + 18.0*x1^2*x2^4 + 4.0*x1*(x1*(x2^2 - 1.0) + 2.25) + 2.0*x1^2 + 12.0*x1*x2*(x1*(x2^3 - 1.0) + 2.625);
